gauge_id;gauge_lat;gauge_lon;gauge_cluster;Aridity;seasonality;precip_as_snow;Clusters							
4015330	46.94688	-91.7924	337.69	19.16862	224.35	225.84	4
5057200	47.22916	-98.12482	447.5	2.33897	        1897.33	1900.4	3
5291000	45.29163	-96.48756	432.13	8.90129	        1046.78	1058.82	3
6221400	43.34551	-109.41014	3336.8	127.16435	227.88	231.93	2
7057500	36.62303	-92.24813	324.68	11.24276	1456.44	1456.46	1
7291000	31.50306	-90.7775	129.13	7.60783		479.3	482.23	4
8023080	31.97933	-93.93408	86.85	4.78985		187.61	198.91	3
8267500	36.54169	-105.5564	3006.6	149.08403	96.26	96.83	4
9035900	39.79582	-106.03057	3240.75	123.91195	72.84	71.67	1
9386900	35.28253	-108.55341	2341.65	37.39246	184.94	186.23	3
10234500 38.28053	-112.56827	2498.74	95.20992	236.42	238.37	1
10259000 33.76002	-116.55002	1233.96	169.65242	22.46	23.66	2
12010000 46.37399	-123.74348	145.18	47.2961		142.18	142.6	4
